         136         200         376         204         180         232         339         285
         316         456         820         476         404         516         811         757
         496         712        1264         748         628         800        1283        1229
         676         968        1708        1020         852        1084        1755        1701
         146         270         646         284         245         347         399         300
         542        1248        3466        1196        1136        1726        2021         979
         637         874        1447         556         769         962        2555        1433
        1008        1178        1432        1308        1041        1159        2070        2536

         136         200         376         204         180         232         339         285
         316         456         820         476         404         516         811         757
         496         712        1264         748         628         800        1283        1229
         676         968        1708        1020         852        1084        1755        1701
         146         270         646         284         245         347         399         300
         542        1248        3466        1196        1136        1726        2021         979
         637         874        1447         556         769         962        2555        1433
        1008        1178        1432        1308        1041        1159        2070        2536